	Thermus_thermophilus_SG0.5JP17-16	Thermus_thermophilus_HB8T	Thermus_thermophilus_JL-18	Thermus_antranikianii_DSM_12462T	Thermus_thermophilus_HB27	Thermus_sediminis_L198	Thermus_thermamylovorans_CFH_72773T	Thermus_aquaticus_Y51MC23T	Thermus_amyloliquefaciens_YIM_77409T	Thermus_caldilimi_YIM_78456T	Thermus_oshimai_DSM_12092T	Thermus_tenuipuniceus_YIM_76954T	Thermus_tengchongensis_YIM_77401T	Thermus_caldifontis_YIM_73026T	Thermus_islandicus_DSM_21543T	Thermus_igniterrae_ATCC_700962T	Thermus_filiformis_ATCC_43280T	Thermus_arciformis_CGMCC_1.6992T	Thermus_caliditerrae_YIM_77777T	Thermus_composti_JCM_19902T	Thermus_parvatiensis_RL	Thermus_brockianus_GE-1T	Thermus_scotoductus_SA-01T
Thermus_thermophilus_SG0.5JP17-16	1.0	0.9651956994818651	0.9665063477366255	0.8112068854655057	0.9634819124168514	0.8250680085348507	0.8247634113712375	0.8313278950953678	0.8212772539573296	0.8094072055888224	0.8218147971204189	0.8093944405837387	0.8208093230174082	0.8065222841604351	0.838041379071379	0.8317210213618158	0.799109407351838	0.8853151481481482	0.8193847255038221	0.8702642577886378	0.9569497248243559	0.8265959767891684	0.813002196416722
Thermus_thermophilus_HB8T	0.9659225100516945	1.0	0.9681483314543406	0.81023664305949	0.988358002201431	0.8288139410939692	0.8243909992862242	0.8348288083953961	0.8197276170510133	0.8113216195190949	0.8227020533333332	0.8076214985994398	0.8179553931034483	0.8074975178826896	0.8429846819156541	0.8323066103983794	0.8014577735849057	0.8902105739795917	0.8209866460055096	0.8626710836120401	0.9520970354523229	0.8270510306588389	0.810788717948718
Thermus_thermophilus_JL-18	0.9660611758691207	0.9674053694303442	1.0	0.8096093641231593	0.9680700721821209	0.8275752576601672	0.8240643183344527	0.8343402251655628	0.8198585469499657	0.8086272237196765	0.8198475663430422	0.8073416459197787	0.8207640206851972	0.8056795485636115	0.8380648115147362	0.8298806883365201	0.7987890163934427	0.8852753247549021	0.8191024914207276	0.8660351786833855	0.9549468548387097	0.8253131645569621	0.8098421499013807
Thermus_antranikianii_DSM_12462T	0.811513233532934	0.8101925491573034	0.8109098816568048	1.0	0.810323120274914	0.810505006849315	0.8292349683944374	0.8158602581072139	0.8692289039408867	0.9166100172413794	0.805037547047372	0.914581203319502	0.8842973238602724	0.8708188706739527	0.8110142201215397	0.8380647779751332	0.7801620493066256	0.8213890971786835	0.8405013366033111	0.8137636246612466	0.8162080070422535	0.8233666133988937	0.9469873048848961
Thermus_thermophilus_HB27	0.9642347637576434	0.987640666302567	0.968636028840821	0.8105374229691876	1.0	0.8282922675250359	0.8232791322901849	0.8352889931034484	0.8206353384508025	0.8093140700068634	0.8224888520238886	0.8086564819944598	0.8176028797250859	0.8071769626497534	0.8419126546212649	0.8314147106325706	0.7999569672131148	0.8888497348484847	0.8200005890410959	0.8615708655126498	0.9513259082568809	0.826092633986928	0.8112821428571428
Thermus_sediminis_L198	0.8251257891061452	0.8296044979079499	0.8279945770804912	0.8106986341798215	0.8283687062937064	1.0	0.8269690013404825	0.871665658963148	0.8218620013522651	0.8116837262872629	0.8233634370771313	0.8105358803763442	0.8181644005270092	0.810342983310153	0.8390690271021543	0.8316024935400518	0.7883009527272726	0.8414144760672704	0.8210873	0.8249541262135924	0.8266130051057623	0.8231611609498681	0.8120721045485405
Thermus_thermamylovorans_CFH_72773T	0.8242840396039605	0.8238776396648045	0.8244220338983052	0.8288728447204968	0.8231734392265193	0.82651756	1.0	0.8268764409030546	0.8458556005221932	0.840457209876543	0.8169190597716589	0.8321543602800763	0.853951551932367	0.8236462595419848	0.8230430917874396	0.8428499938461539	0.7902618933132983	0.8385451879699247	0.8585104339622643	0.8286521862615588	0.8230552023546724	0.8246933628318585	0.8287769806612602
Thermus_aquaticus_Y51MC23T	0.8323470437710438	0.8353382079343366	0.8361602022178733	0.8164105070993916	0.8363455067567569	0.8721945685279188	0.8273021185876082	1.0	0.8280311632653061	0.8166424798927614	0.8264393673469388	0.8160554376657825	0.8236259219634992	0.8158541365187714	0.8463348468345814	0.8394986073500966	0.799759278425656	0.8458826163522014	0.8251366687938736	0.8325649692832764	0.8345750212765958	0.8293905091137651	0.8202749488752556
Thermus_amyloliquefaciens_YIM_77409T	0.8209558453114306	0.8191618327526132	0.8190494743935309	0.8688772113022114	0.8205216851595006	0.8212601891891892	0.8465501063122923	0.8272632754010695	1.0	0.8703593130699088	0.8158388066368858	0.8738616379821957	0.8781112258064515	0.8695590892531876	0.8193082684283728	0.841804894003634	0.7870581535119479	0.8334582177033494	0.8576650388059703	0.823728717948718	0.8243277124645892	0.8301540782122906	0.8697713873873874
Thermus_caldilimi_YIM_78456T	0.80952540397351	0.8105998878766643	0.8087266622604098	0.9167521168305379	0.8094871824324326	0.8102929500342231	0.8410225156054932	0.815736222371065	0.8700432179720704	1.0	0.804746502159161	0.9075180700778644	0.8873958174904943	0.8616653595890412	0.8066376273372018	0.8316632918149465	0.7797601973684211	0.8220808085612366	0.8524207773851591	0.8108119430051813	0.8119395480225989	0.8192332582216808	0.9215547487844409
Thermus_oshimai_DSM_12092T	0.8226162346079066	0.8229870525615437	0.8202895394321766	0.804046164556962	0.8231847382198954	0.8208648125836681	0.8179024625850342	0.8258821352074966	0.8159880113996201	0.805616561728395	1.0	0.8040589233692211	0.8112593542435426	0.8039821308290155	0.8182426348547719	0.8224912004730928	0.7975429825783973	0.830044993954051	0.8149017077798861	0.8220022154471545	0.8211772096219931	0.8173559134615386	0.8060842056650246
Thermus_tenuipuniceus_YIM_76954T	0.8094065387251541	0.8088725573314802	0.8077719476158496	0.9154729581614615	0.8088547599729548	0.8095579401993355	0.8325114578005116	0.8156416612377849	0.8739909610849058	0.9074398134942402	0.8040653555413196	1.0	0.8835159786876051	0.8690091334488738	0.8072994106090373	0.8297123781212841	0.7785170176730485	0.8184703764420158	0.8474366298663567	0.8137123155737706	0.8127673733719247	0.8213001469723692	0.9192498544232923
Thermus_tengchongensis_YIM_77401T	0.81982487131199	0.8175904291553132	0.8196017819314642	0.8841899881936245	0.8172669266980498	0.8179047066492829	0.852946255319149	0.8214208451573103	0.8789041807580174	0.887551736111111	0.8122592578849721	0.8838066799091943	1.0	0.8560524002382368	0.8140379185232337	0.8401553948896632	0.7849183461807989	0.8318445996592844	0.9042272552348614	0.8225945746073299	0.8199211893369789	0.826713180212014	0.8847966817667043
Thermus_caldifontis_YIM_73026T	0.8065939616175463	0.8072268830242512	0.8055875404312669	0.871261430295715	0.8072792092372287	0.8098075575715282	0.8234516741214059	0.8144769084745764	0.8701746032707449	0.8627504308390022	0.8028088817480721	0.8695093891797556	0.8556693838862559	1.0	0.8074548080949059	0.8277209907692309	0.7768939347990902	0.816985806253832	0.8341103030303032	0.8108013520933426	0.810343211143695	0.8177913046231791	0.8722611707595658
Thermus_islandicus_DSM_21543T	0.8378827576791809	0.842631133802817	0.8396708926174496	0.8106903342428378	0.8420063786008232	0.8382261009817671	0.8234797801418441	0.8466605747126437	0.8198548543689321	0.8067523593350384	0.8186391135734072	0.8074698670212765	0.8146301992287919	0.8077462666666666	1.0	0.8316360264900664	0.7914427210884354	0.8540635949367089	0.8186320053655266	0.8323522501699525	0.8374559569732938	0.824985127860027	0.8122031358189082
Thermus_igniterrae_ATCC_700962T	0.8331733571428572	0.8312908167330677	0.830370037243948	0.8382040117994102	0.832634327176781	0.8314928414948453	0.8432768460111316	0.8385258380771663	0.8414481932021468	0.8314199592786504	0.8224746670595168	0.8298649527744982	0.8397383729009843	0.8274095752427185	0.831995126541207	1.0	0.7959666991643454	0.8440248246118458	0.8435676042908223	0.8331064957264956	0.8396304622705643	0.8406317023675312	0.8310040334679747
Thermus_filiformis_ATCC_43280T	0.79843887732342	0.8011925400457667	0.8003161758241758	0.7799578903274943	0.8006370260223048	0.7887933482142857	0.7892564545454546	0.7971912916962385	0.7871076900796524	0.779740370909091	0.7970171478873239	0.7771816114790288	0.7862718110236222	0.7789595957284516	0.7909569676448459	0.7971090365682137	1.0	0.7992710906612135	0.7862033046594982	0.7982497883597884	0.8000017098039217	0.788957637630662	0.7811007747489239
Thermus_arciformis_CGMCC_1.6992T	0.8851261114476076	0.8910645735944409	0.8869843210621605	0.8226751503759399	0.8899274671669793	0.8411087209302326	0.8406926288659793	0.8447278980099502	0.8327968360556566	0.8221430221424296	0.8305605882352941	0.8196803448275861	0.8332515668202765	0.818018303516348	0.8538300126742712	0.843395970845481	0.7993370393374741	1.0	0.8314736195587358	0.8595992916400766	0.8764781842279655	0.8364182202380953	0.8245739255702281
Thermus_caliditerrae_YIM_77777T	0.8200901165980797	0.8201794197952219	0.8192119541778976	0.8400061448019802	0.8201480216070224	0.82063259602649	0.8580648131728943	0.8247853895274585	0.8577610639569636	0.8516236150234741	0.8144189120809614	0.84788664500886	0.9044961888509669	0.8340452615571776	0.818524012137559	0.8427649401913877	0.7861541981468283	0.831003928358209	1.0	0.8226038079019073	0.8221523546302943	0.8296044888082276	0.8425425665859565
Thermus_composti_JCM_19902T	0.8693355157766989	0.8616544105960264	0.8646712998160639	0.8132308333333335	0.8621419180754226	0.8253287880886427	0.8286376026490067	0.8330978880746169	0.8242966990291263	0.8107594622950819	0.8219942444593688	0.8134390040927695	0.8228696354166668	0.811834217032967	0.8336378499665104	0.8330805759162304	0.7998602649507949	0.8586842638623327	0.8226410190217393	1.0	0.8633815487316423	0.8379924445851803	0.8145354491803279
Thermus_parvatiensis_RL	0.9566377454968041	0.9515755453431372	0.95459353926097	0.8152918997175143	0.9510596971532406	0.8266911656891496	0.8232374762946755	0.835122454798331	0.8239434206798868	0.8113661527680448	0.8206812163096061	0.8121036549707603	0.8219450652920963	0.8103742836363637	0.8371440715883669	0.8401208707482993	0.8012225734157652	0.8777902700922268	0.8222982863340564	0.8637549898442789	1.0	0.8337375151108127	0.81814780945758
Thermus_brockianus_GE-1T	0.8261047881899871	0.8264570595939752	0.82497623043206	0.8228526871165645	0.8256560516129032	0.8224871024967149	0.8251979794740217	0.8279589981096408	0.82898946683199	0.8185495183624322	0.8163924653405666	0.8212789304812833	0.8255307257584771	0.8184268178954	0.8241417750677507	0.839501546866015	0.7884521748251748	0.8356873008323424	0.829084344410876	0.836651376440461	0.8311531753554502	1.0	0.8196702471368293
Thermus_scotoductus_SA-01T	0.8115302539062501	0.8099133791208791	0.8099860012878299	0.9472944031531533	0.8106769033130493	0.8109126730637424	0.8286049904640814	0.8186763901791639	0.8697735612366231	0.9222675174637291	0.8051963000000001	0.9188913269339355	0.8847050338983052	0.8717520045558087	0.8116722266139658	0.8301022472559215	0.7804097017045456	0.823003084279737	0.8416916596764529	0.8125840414507772	0.8167608149171273	0.8199095492788462	1.0
